##TITLE= CosOIA-20-93
##JCAMP-DX= 5.00 Bruker JCAMP library
##DATA TYPE= Shape Data
##ORIGIN= Bruker BioSpin GmbH
##OWNER= <serge>
##DATE= 2010/06/04
##TIME= 07:37:22
##$SHAPE_PARAMETERS= 
##MINX= 3.749000E-31
##MAXX= 9.998000E01
##MINY= 0.000000E00
##MAXY= 2.570000E02
##$SHAPE_EXMODE= Inversion
##$SHAPE_TOTROT= 1.800000E02
##$SHAPE_TYPE= Inversion
##$SHAPE_USER_DEF= 
##$SHAPE_REPHFAC= 
##$SHAPE_BWFAC= 1.474000E00
##$SHAPE_BWFAC50= 
##$SHAPE_INTEGFAC= 3.557753E-01
##$SHAPE_MODE= 0
##NPOINTS= 128
##XYPOINTS= (XY..XY)
3.749000E-31, 2.570000E02
6.118000E-02, 2.520000E02
2.446000E-01, 2.460000E02
5.497000E-01, 2.410000E02
9.759000E-01, 2.360000E02
1.522000E00, 2.300000E02
2.187000E00, 2.250000E02
2.969000E00, 2.200000E02
3.865000E00, 2.150000E02
4.875000E00, 2.090000E02
5.995000E00, 2.040000E02
7.223000E00, 1.990000E02
8.556000E00, 1.940000E02
9.990000E00, 1.880000E02
1.152000E01, 1.830000E02
1.315000E01, 1.780000E02
1.486000E01, 1.730000E02
1.667000E01, 1.670000E02
1.855000E01, 1.620000E02
2.051000E01, 1.570000E02
2.254000E01, 1.520000E02
2.464000E01, 1.460000E02
2.681000E01, 1.410000E02
2.902000E01, 1.360000E02
3.130000E01, 1.310000E02
3.361000E01, 1.260000E02
3.597000E01, 1.210000E02
3.836000E01, 1.150000E02
4.078000E01, 1.100000E02
4.322000E01, 1.050000E02
4.568000E01, 1.000000E02
4.815000E01, 9.500000E01
5.062000E01, 9.100000E01
5.309000E01, 8.600000E01
5.555000E01, 8.100000E01
5.800000E01, 7.600000E01
6.044000E01, 7.200000E01
6.284000E01, 6.700000E01
6.522000E01, 6.300000E01
6.755000E01, 5.900000E01
6.985000E01, 5.400000E01
7.209000E01, 5.000000E01
7.428000E01, 4.600000E01
7.641000E01, 4.200000E01
7.848000E01, 3.900000E01
8.048000E01, 3.500000E01
8.240000E01, 3.100000E01
8.425000E01, 2.800000E01
8.601000E01, 2.500000E01
8.768000E01, 2.200000E01
8.926000E01, 1.900000E01
9.074000E01, 1.600000E01
9.212000E01, 1.400000E01
9.340000E01, 1.200000E01
9.458000E01, 1.000000E01
9.564000E01, 8.000000E00
9.660000E01, 6.000000E00
9.744000E01, 5.000000E00
9.816000E01, 3.000000E00
9.877000E01, 2.000000E00
9.925000E01, 1.000000E00
9.962000E01, 1.000000E00
9.986000E01, 0.000000E00
9.998000E01, 0.000000E00
9.998000E01, 0.000000E00
9.986000E01, 0.000000E00
9.962000E01, 1.000000E00
9.925000E01, 1.000000E00
9.877000E01, 2.000000E00
9.816000E01, 3.000000E00
9.744000E01, 5.000000E00
9.660000E01, 6.000000E00
9.564000E01, 8.000000E00
9.458000E01, 1.000000E01
9.340000E01, 1.200000E01
9.212000E01, 1.400000E01
9.074000E01, 1.600000E01
8.926000E01, 1.900000E01
8.768000E01, 2.200000E01
8.601000E01, 2.500000E01
8.425000E01, 2.800000E01
8.240000E01, 3.100000E01
8.048000E01, 3.400000E01
7.848000E01, 3.800000E01
7.641000E01, 4.200000E01
7.428000E01, 4.500000E01
7.209000E01, 4.900000E01
6.985000E01, 5.300000E01
6.755000E01, 5.700000E01
6.522000E01, 6.200000E01
6.284000E01, 6.600000E01
6.044000E01, 7.000000E01
5.800000E01, 7.500000E01
5.555000E01, 7.900000E01
5.309000E01, 8.400000E01
5.062000E01, 8.900000E01
4.815000E01, 9.300000E01
4.568000E01, 9.800000E01
4.322000E01, 1.030000E02
4.078000E01, 1.080000E02
3.836000E01, 1.130000E02
3.597000E01, 1.170000E02
3.361000E01, 1.220000E02
3.130000E01, 1.270000E02
2.902000E01, 1.320000E02
2.681000E01, 1.370000E02
2.464000E01, 1.420000E02
2.254000E01, 1.470000E02
2.051000E01, 1.520000E02
1.855000E01, 1.570000E02
1.667000E01, 1.620000E02
1.486000E01, 1.670000E02
1.315000E01, 1.720000E02
1.152000E01, 1.770000E02
9.990000E00, 1.820000E02
8.556000E00, 1.880000E02
7.223000E00, 1.930000E02
5.995000E00, 1.980000E02
4.875000E00, 2.030000E02
3.865000E00, 2.080000E02
2.969000E00, 2.130000E02
2.187000E00, 2.180000E02
1.522000E00, 2.230000E02
9.759000E-01, 2.280000E02
5.497000E-01, 2.330000E02
2.446000E-01, 2.380000E02
6.118000E-02, 2.430000E02
3.749000E-31, 2.480000E02
##END
