##TITLE= Coca-1200-28
##JCAMP-DX= 5.00 Bruker JCAMP library
##DATA TYPE= Shape Data
##ORIGIN= Bruker BioSpin GmbH
##OWNER= <ceisam>
##DATE= 2017/03/09
##TIME= 14:54:39
##$SHAPE_PARAMETERS= Type: CaSmoothedChirp ; Total Sweep-Width [Hz] 28000.0 ; Length of Pulse [usec] 1200.0 ; % to be smoothed 50.0 ; 1=High to low field, -1=Low to high field -1.0 ; smoothing 0.0
##MINX= 0.000000E00
##MAXX= 1.000000E02
##MINY= 3.023995E-03
##MAXY= 3.583987E02
##$SHAPE_EXMODE= Adiabatic
##$SHAPE_TOTROT= 1.800000E02
##$SHAPE_TYPE= Inversion
##$SHAPE_USER_DEF= 
##$SHAPE_REPHFAC= 
##$SHAPE_BWFAC= 3.019000E01
##$SHAPE_BWFAC50= 
##$SHAPE_INTEGFAC= 6.837420E-02
##$SHAPE_MODE= 0
##NPOINTS= 1000
##XYPOINTS= (XY..XY)
0.000000E00, 3.203140E02
3.147883E-01, 3.142721E02
6.295735E-01, 3.082301E02
9.443525E-01, 3.021882E02
1.259122E00, 2.961462E02
1.573879E00, 2.901043E02
1.888621E00, 2.840623E02
2.203344E00, 2.780204E02
2.518045E00, 2.719785E02
2.832721E00, 2.659366E02
3.147369E00, 2.598947E02
3.461985E00, 2.538529E02
3.776568E00, 2.478110E02
4.091113E00, 2.417693E02
4.405617E00, 2.357275E02
4.720078E00, 2.296858E02
5.034492E00, 2.236442E02
5.348857E00, 2.176026E02
5.663168E00, 2.115611E02
5.977423E00, 2.055196E02
6.291619E00, 1.994783E02
6.605752E00, 1.934371E02
6.919820E00, 1.873959E02
7.233820E00, 1.813549E02
7.547747E00, 1.753140E02
7.861600E00, 1.692732E02
8.175375E00, 1.632326E02
8.489070E00, 1.571922E02
8.802680E00, 1.511519E02
9.116202E00, 1.451119E02
9.429635E00, 1.390720E02
9.742974E00, 1.330324E02
1.005622E01, 1.269929E02
1.036936E01, 1.209538E02
1.068240E01, 1.149148E02
1.099533E01, 1.088762E02
1.130816E01, 1.028379E02
1.162087E01, 9.679985E01
1.193347E01, 9.076215E01
1.224595E01, 8.472480E01
1.255831E01, 7.868782E01
1.287054E01, 7.265122E01
1.318265E01, 6.661502E01
1.349462E01, 6.057925E01
1.380647E01, 5.454391E01
1.411817E01, 4.850905E01
1.442974E01, 4.247466E01
1.474116E01, 3.644079E01
1.505244E01, 3.040744E01
1.536356E01, 2.437464E01
1.567454E01, 1.834242E01
1.598536E01, 1.231079E01
1.629602E01, 6.279783E00
1.660652E01, 2.494218E-01
1.691685E01, 3.542197E02
1.722702E01, 3.481907E02
1.753702E01, 3.421625E02
1.784684E01, 3.361349E02
1.815649E01, 3.301082E02
1.846595E01, 3.240822E02
1.877524E01, 3.180571E02
1.908433E01, 3.120328E02
1.939324E01, 3.060094E02
1.970196E01, 2.999869E02
2.001048E01, 2.939654E02
2.031880E01, 2.879449E02
2.062692E01, 2.819253E02
2.093484E01, 2.759068E02
2.124255E01, 2.698893E02
2.155005E01, 2.638729E02
2.185733E01, 2.578577E02
2.216440E01, 2.518436E02
2.247125E01, 2.458307E02
2.277788E01, 2.398190E02
2.308428E01, 2.338086E02
2.339045E01, 2.277995E02
2.369639E01, 2.217917E02
2.400209E01, 2.157852E02
2.430756E01, 2.097802E02
2.461279E01, 2.037766E02
2.491777E01, 1.977744E02
2.522251E01, 1.917738E02
2.552699E01, 1.857747E02
2.583122E01, 1.797772E02
2.613520E01, 1.737813E02
2.643892E01, 1.677870E02
2.674237E01, 1.617944E02
2.704557E01, 1.558036E02
2.734849E01, 1.498146E02
2.765114E01, 1.438273E02
2.795352E01, 1.378419E02
2.825562E01, 1.318584E02
2.855744E01, 1.258769E02
2.885898E01, 1.198973E02
2.916023E01, 1.139197E02
2.946119E01, 1.079442E02
2.976186E01, 1.019708E02
3.006224E01, 9.599949E01
3.036232E01, 9.003041E01
3.066210E01, 8.406355E01
3.096157E01, 7.809898E01
3.126074E01, 7.213672E01
3.155959E01, 6.617682E01
3.185814E01, 6.021934E01
3.215637E01, 5.426431E01
3.245428E01, 4.831179E01
3.275186E01, 4.236181E01
3.304913E01, 3.641443E01
3.334606E01, 3.046969E01
3.364267E01, 2.452764E01
3.393894E01, 1.858833E01
3.423488E01, 1.265181E01
3.453048E01, 6.718123E00
3.482573E01, 7.873198E-01
3.512064E01, 3.548595E02
3.541520E01, 3.489346E02
3.570941E01, 3.430127E02
3.600327E01, 3.370939E02
3.629677E01, 3.311783E02
3.658991E01, 3.252659E02
3.688269E01, 3.193567E02
3.717510E01, 3.134507E02
3.746715E01, 3.075482E02
3.775882E01, 3.016490E02
3.805012E01, 2.957533E02
3.834104E01, 2.898610E02
3.863158E01, 2.839724E02
3.892174E01, 2.780873E02
3.921151E01, 2.722059E02
3.950090E01, 2.663282E02
3.978989E01, 2.604543E02
4.007849E01, 2.545842E02
4.036669E01, 2.487180E02
4.065449E01, 2.428557E02
4.094189E01, 2.369975E02
4.122888E01, 2.311433E02
4.151547E01, 2.252932E02
4.180164E01, 2.194472E02
4.208740E01, 2.136055E02
4.237274E01, 2.077681E02
4.265766E01, 2.019350E02
4.294216E01, 1.961063E02
4.322624E01, 1.902821E02
4.350988E01, 1.844624E02
4.379310E01, 1.786472E02
4.407588E01, 1.728367E02
4.435822E01, 1.670309E02
4.464013E01, 1.612299E02
4.492159E01, 1.554337E02
4.520260E01, 1.496423E02
4.548317E01, 1.438559E02
4.576329E01, 1.380745E02
4.604296E01, 1.322981E02
4.632216E01, 1.265269E02
4.660091E01, 1.207609E02
4.687920E01, 1.150001E02
4.715702E01, 1.092446E02
4.743438E01, 1.034945E02
4.771127E01, 9.774981E01
4.798768E01, 9.201064E01
4.826362E01, 8.627704E01
4.853907E01, 8.054907E01
4.881405E01, 7.482679E01
4.908855E01, 6.911027E01
4.936255E01, 6.339957E01
4.963607E01, 5.769476E01
4.990910E01, 5.199591E01
5.018163E01, 4.630308E01
5.045367E01, 4.061633E01
5.072520E01, 3.493573E01
5.099624E01, 2.926135E01
5.126676E01, 2.359326E01
5.153678E01, 1.793151E01
5.180629E01, 1.227619E01
5.207529E01, 6.627345E00
5.234377E01, 9.850575E-01
5.261173E01, 3.553494E02
5.287916E01, 3.497204E02
5.314608E01, 3.440982E02
5.341247E01, 3.384828E02
5.367833E01, 3.328743E02
5.394365E01, 3.272727E02
5.420845E01, 3.216782E02
5.447270E01, 3.160908E02
5.473642E01, 3.105106E02
5.499959E01, 3.049376E02
5.526222E01, 2.993719E02
5.552430E01, 2.938136E02
5.578583E01, 2.882627E02
5.604681E01, 2.827193E02
5.630723E01, 2.771836E02
5.656710E01, 2.716555E02
5.682640E01, 2.661351E02
5.708514E01, 2.606226E02
5.734332E01, 2.551179E02
5.760092E01, 2.496211E02
5.785796E01, 2.441324E02
5.811442E01, 2.386517E02
5.837031E01, 2.331792E02
5.862562E01, 2.277150E02
5.888035E01, 2.222590E02
5.913449E01, 2.168115E02
5.938805E01, 2.113723E02
5.964102E01, 2.059417E02
5.989340E01, 2.005197E02
6.014518E01, 1.951064E02
6.039637E01, 1.897018E02
6.064696E01, 1.843060E02
6.089695E01, 1.789190E02
6.114634E01, 1.735411E02
6.139512E01, 1.681722E02
6.164329E01, 1.628123E02
6.189085E01, 1.574617E02
6.213780E01, 1.521203E02
6.238413E01, 1.467883E02
6.262985E01, 1.414656E02
6.287494E01, 1.361524E02
6.311941E01, 1.308488E02
6.336326E01, 1.255548E02
6.360647E01, 1.202705E02
6.384906E01, 1.149959E02
6.409101E01, 1.097313E02
6.433233E01, 1.044765E02
6.457301E01, 9.923173E01
6.481306E01, 9.399703E01
6.505245E01, 8.877248E01
6.529121E01, 8.355816E01
6.552932E01, 7.835413E01
6.576678E01, 7.316047E01
6.600358E01, 6.797726E01
6.623974E01, 6.280457E01
6.647523E01, 5.764249E01
6.671007E01, 5.249107E01
6.694425E01, 4.735041E01
6.717776E01, 4.222057E01
6.741061E01, 3.710163E01
6.764279E01, 3.199367E01
6.787430E01, 2.689676E01
6.810513E01, 2.181098E01
6.833529E01, 1.673640E01
6.856478E01, 1.167310E01
6.879358E01, 6.621159E00
6.902171E01, 1.580647E00
6.924915E01, 3.565516E02
6.947590E01, 3.515342E02
6.970197E01, 3.465285E02
6.992734E01, 3.415344E02
7.015202E01, 3.365522E02
7.037601E01, 3.315819E02
7.059930E01, 3.266235E02
7.082189E01, 3.216772E02
7.104377E01, 3.167430E02
7.126496E01, 3.118209E02
7.148543E01, 3.069112E02
7.170520E01, 3.020138E02
7.192426E01, 2.971288E02
7.214261E01, 2.922563E02
7.236024E01, 2.873964E02
7.257715E01, 2.825491E02
7.279335E01, 2.777145E02
7.300882E01, 2.728928E02
7.322357E01, 2.680839E02
7.343759E01, 2.632879E02
7.365089E01, 2.585050E02
7.386346E01, 2.537352E02
7.407529E01, 2.489786E02
7.428639E01, 2.442352E02
7.449676E01, 2.395052E02
7.470638E01, 2.347886E02
7.491527E01, 2.300854E02
7.512341E01, 2.253958E02
7.533081E01, 2.207198E02
7.553746E01, 2.160575E02
7.574337E01, 2.114091E02
7.594852E01, 2.067744E02
7.615292E01, 2.021537E02
7.635657E01, 1.975471E02
7.655946E01, 1.929544E02
7.676159E01, 1.883760E02
7.696296E01, 1.838118E02
7.716357E01, 1.792619E02
7.736341E01, 1.747263E02
7.756249E01, 1.702053E02
7.776080E01, 1.656987E02
7.795834E01, 1.612068E02
7.815510E01, 1.567295E02
7.835109E01, 1.522670E02
7.854631E01, 1.478194E02
7.874074E01, 1.433866E02
7.893440E01, 1.389688E02
7.912727E01, 1.345661E02
7.931936E01, 1.301784E02
7.951067E01, 1.258060E02
7.970118E01, 1.214488E02
7.989091E01, 1.171070E02
8.007984E01, 1.127806E02
8.026798E01, 1.084697E02
8.045533E01, 1.041744E02
8.064188E01, 9.989467E01
8.082762E01, 9.563067E01
8.101257E01, 9.138245E01
8.119672E01, 8.715008E01
8.138006E01, 8.293364E01
8.156259E01, 7.873319E01
8.174432E01, 7.454881E01
8.192523E01, 7.038057E01
8.210534E01, 6.622855E01
8.228463E01, 6.209280E01
8.246310E01, 5.797342E01
8.264076E01, 5.387045E01
8.281760E01, 4.978399E01
8.299362E01, 4.571409E01
8.316882E01, 4.166083E01
8.334319E01, 3.762428E01
8.351673E01, 3.360450E01
8.368945E01, 2.960158E01
8.386134E01, 2.561557E01
8.403240E01, 2.164655E01
8.420263E01, 1.769459E01
8.437202E01, 1.375975E01
8.454057E01, 9.842112E00
8.470829E01, 5.941737E00
8.487517E01, 2.058694E00
8.504120E01, 3.581931E02
8.520640E01, 3.543449E02
8.537075E01, 3.505142E02
8.553425E01, 3.467012E02
8.569691E01, 3.429059E02
8.585872E01, 3.391282E02
8.601967E01, 3.353684E02
8.617978E01, 3.316265E02
8.633903E01, 3.279025E02
8.649742E01, 3.241965E02
8.665496E01, 3.205086E02
8.681164E01, 3.168388E02
8.696745E01, 3.131873E02
8.712241E01, 3.095540E02
8.727650E01, 3.059390E02
8.742973E01, 3.023425E02
8.758210E01, 2.987644E02
8.773359E01, 2.952048E02
8.788421E01, 2.916638E02
8.803397E01, 2.881415E02
8.818285E01, 2.846379E02
8.833086E01, 2.811531E02
8.847799E01, 2.776872E02
8.862425E01, 2.742401E02
8.876962E01, 2.708121E02
8.891412E01, 2.674030E02
8.905774E01, 2.640131E02
8.920047E01, 2.606423E02
8.934232E01, 2.572908E02
8.948329E01, 2.539585E02
8.962337E01, 2.506456E02
8.976256E01, 2.473521E02
8.990086E01, 2.440781E02
9.003827E01, 2.408235E02
9.017479E01, 2.375886E02
9.031041E01, 2.343733E02
9.044514E01, 2.311777E02
9.057897E01, 2.280019E02
9.071191E01, 2.248459E02
9.084395E01, 2.217098E02
9.097508E01, 2.185936E02
9.110532E01, 2.154974E02
9.123465E01, 2.124213E02
9.136308E01, 2.093653E02
9.149060E01, 2.063294E02
9.161722E01, 2.033138E02
9.174293E01, 2.003184E02
9.186773E01, 1.973434E02
9.199162E01, 1.943888E02
9.211459E01, 1.914546E02
9.223666E01, 1.885409E02
9.235781E01, 1.856478E02
9.247804E01, 1.827753E02
9.259736E01, 1.799235E02
9.271576E01, 1.770924E02
9.283325E01, 1.742820E02
9.294981E01, 1.714925E02
9.306545E01, 1.687238E02
9.318017E01, 1.659761E02
9.329397E01, 1.632493E02
9.340684E01, 1.605436E02
9.351879E01, 1.578590E02
9.362981E01, 1.551955E02
9.373990E01, 1.525532E02
9.384906E01, 1.499321E02
9.395729E01, 1.473323E02
9.406460E01, 1.447538E02
9.417097E01, 1.421967E02
9.427640E01, 1.396610E02
9.438090E01, 1.371469E02
9.448447E01, 1.346542E02
9.458710E01, 1.321831E02
9.468880E01, 1.297337E02
9.478955E01, 1.273059E02
9.488937E01, 1.248998E02
9.498824E01, 1.225154E02
9.508618E01, 1.201529E02
9.518317E01, 1.178122E02
9.527922E01, 1.154935E02
9.537432E01, 1.131966E02
9.546848E01, 1.109218E02
9.556170E01, 1.086689E02
9.565396E01, 1.064382E02
9.574528E01, 1.042295E02
9.583565E01, 1.020430E02
9.592507E01, 9.987874E01
9.601354E01, 9.773669E01
9.610106E01, 9.561691E01
9.618763E01, 9.351945E01
9.627324E01, 9.144435E01
9.635790E01, 8.939165E01
9.644161E01, 8.736140E01
9.652436E01, 8.535362E01
9.660615E01, 8.336836E01
9.668698E01, 8.140566E01
9.676686E01, 7.946556E01
9.684578E01, 7.754808E01
9.692374E01, 7.565328E01
9.700073E01, 7.378118E01
9.707677E01, 7.193182E01
9.715185E01, 7.010524E01
9.722596E01, 6.830148E01
9.729911E01, 6.652056E01
9.737129E01, 6.476253E01
9.744251E01, 6.302742E01
9.751277E01, 6.131526E01
9.758205E01, 5.962608E01
9.765037E01, 5.795992E01
9.771773E01, 5.631680E01
9.778411E01, 5.469678E01
9.784953E01, 5.309986E01
9.791397E01, 5.152609E01
9.797745E01, 4.997550E01
9.803996E01, 4.844811E01
9.810149E01, 4.694395E01
9.816205E01, 4.546306E01
9.822164E01, 4.400547E01
9.828026E01, 4.257120E01
9.833790E01, 4.116028E01
9.839456E01, 3.977273E01
9.845026E01, 3.840859E01
9.850497E01, 3.706789E01
9.855871E01, 3.575064E01
9.861148E01, 3.445688E01
9.866326E01, 3.318662E01
9.871407E01, 3.193991E01
9.876390E01, 3.071675E01
9.881276E01, 2.951717E01
9.886063E01, 2.834120E01
9.890752E01, 2.718886E01
9.895344E01, 2.606017E01
9.899837E01, 2.495516E01
9.904232E01, 2.387384E01
9.908529E01, 2.281625E01
9.912728E01, 2.178239E01
9.916829E01, 2.077229E01
9.920831E01, 1.978596E01
9.924735E01, 1.882344E01
9.928541E01, 1.788473E01
9.932248E01, 1.696987E01
9.935857E01, 1.607885E01
9.939368E01, 1.521171E01
9.942779E01, 1.436845E01
9.946093E01, 1.354910E01
9.949308E01, 1.275367E01
9.952424E01, 1.198218E01
9.955442E01, 1.123464E01
9.958361E01, 1.051107E01
9.961181E01, 9.811485E00
9.963903E01, 9.135893E00
9.966526E01, 8.484309E00
9.969050E01, 7.856748E00
9.971475E01, 7.253221E00
9.973802E01, 6.673740E00
9.976029E01, 6.118318E00
9.978158E01, 5.586965E00
9.980188E01, 5.079691E00
9.982119E01, 4.596507E00
9.983951E01, 4.137423E00
9.985685E01, 3.702447E00
9.987319E01, 3.291588E00
9.988854E01, 2.904855E00
9.990291E01, 2.542255E00
9.991628E01, 2.203795E00
9.992866E01, 1.889482E00
9.994006E01, 1.599323E00
9.995046E01, 1.333323E00
9.995987E01, 1.091488E00
9.996829E01, 8.738220E-01
9.997572E01, 6.803300E-01
9.998216E01, 5.110159E-01
9.998761E01, 3.658830E-01
9.999207E01, 2.449343E-01
9.999554E01, 1.481723E-01
9.999802E01, 7.559894E-02
9.999950E01, 2.721583E-02
1.000000E02, 3.023995E-03
1.000000E02, 3.024000E-03
9.999950E01, 2.721596E-02
9.999802E01, 7.559953E-02
9.999554E01, 1.481739E-01
9.999207E01, 2.449378E-01
9.998761E01, 3.658894E-01
9.998216E01, 5.110266E-01
9.997572E01, 6.803465E-01
9.996829E01, 8.738460E-01
9.995987E01, 1.091521E00
9.995046E01, 1.333369E00
9.994006E01, 1.599383E00
9.992866E01, 1.889559E00
9.991628E01, 2.203892E00
9.990291E01, 2.542375E00
9.988854E01, 2.905002E00
9.987319E01, 3.291765E00
9.985685E01, 3.702658E00
9.983951E01, 4.137673E00
9.982119E01, 4.596800E00
9.980188E01, 5.080031E00
9.978158E01, 5.587357E00
9.976029E01, 6.118768E00
9.973802E01, 6.674253E00
9.971475E01, 7.253802E00
9.969050E01, 7.857403E00
9.966526E01, 8.485045E00
9.963903E01, 9.136715E00
9.961181E01, 9.812401E00
9.958361E01, 1.051209E01
9.955442E01, 1.123577E01
9.952424E01, 1.198342E01
9.949308E01, 1.275503E01
9.946093E01, 1.355059E01
9.942779E01, 1.437007E01
9.939368E01, 1.521347E01
9.935857E01, 1.608077E01
9.932248E01, 1.697195E01
9.928541E01, 1.788699E01
9.924735E01, 1.882588E01
9.920831E01, 1.978859E01
9.916829E01, 2.077511E01
9.912728E01, 2.178542E01
9.908529E01, 2.281950E01
9.904232E01, 2.387733E01
9.899837E01, 2.495888E01
9.895344E01, 2.606415E01
9.890752E01, 2.719309E01
9.886063E01, 2.834571E01
9.881276E01, 2.952196E01
9.876390E01, 3.072183E01
9.871407E01, 3.194530E01
9.866326E01, 3.319234E01
9.861148E01, 3.446292E01
9.855871E01, 3.575703E01
9.850497E01, 3.707463E01
9.845026E01, 3.841571E01
9.839456E01, 3.978023E01
9.833790E01, 4.116817E01
9.828026E01, 4.257950E01
9.822164E01, 4.401420E01
9.816205E01, 4.547223E01
9.810149E01, 4.695357E01
9.803996E01, 4.845819E01
9.797745E01, 4.998607E01
9.791397E01, 5.153716E01
9.784953E01, 5.311144E01
9.778411E01, 5.470888E01
9.771773E01, 5.632946E01
9.765037E01, 5.797312E01
9.758205E01, 5.963986E01
9.751277E01, 6.132963E01
9.744251E01, 6.304240E01
9.737129E01, 6.477814E01
9.729911E01, 6.653681E01
9.722596E01, 6.831839E01
9.715185E01, 7.012283E01
9.707677E01, 7.195010E01
9.700073E01, 7.380017E01
9.692374E01, 7.567299E01
9.684578E01, 7.756855E01
9.676686E01, 7.948679E01
9.668698E01, 8.142768E01
9.660615E01, 8.339118E01
9.652436E01, 8.537726E01
9.644161E01, 8.738588E01
9.635790E01, 8.941700E01
9.627324E01, 9.147058E01
9.618763E01, 9.354657E01
9.610106E01, 9.564495E01
9.601354E01, 9.776567E01
9.592507E01, 9.990869E01
9.583565E01, 1.020740E02
9.574528E01, 1.042615E02
9.565396E01, 1.064711E02
9.556170E01, 1.087029E02
9.546848E01, 1.109568E02
9.537432E01, 1.132328E02
9.527922E01, 1.155307E02
9.518317E01, 1.178506E02
9.508618E01, 1.201925E02
9.498824E01, 1.225562E02
9.488937E01, 1.249417E02
9.478955E01, 1.273490E02
9.468880E01, 1.297780E02
9.458710E01, 1.322288E02
9.448447E01, 1.347012E02
9.438090E01, 1.371951E02
9.427640E01, 1.397107E02
9.417097E01, 1.422477E02
9.406460E01, 1.448062E02
9.395729E01, 1.473860E02
9.384906E01, 1.499873E02
9.373990E01, 1.526098E02
9.362981E01, 1.552536E02
9.351879E01, 1.579186E02
9.340684E01, 1.606048E02
9.329397E01, 1.633121E02
9.318017E01, 1.660404E02
9.306545E01, 1.687898E02
9.294981E01, 1.715601E02
9.283325E01, 1.743513E02
9.271576E01, 1.771633E02
9.259736E01, 1.799962E02
9.247804E01, 1.828497E02
9.235781E01, 1.857240E02
9.223666E01, 1.886189E02
9.211459E01, 1.915344E02
9.199162E01, 1.944705E02
9.186773E01, 1.974270E02
9.174293E01, 2.004039E02
9.161722E01, 2.034012E02
9.149060E01, 2.064188E02
9.136308E01, 2.094566E02
9.123465E01, 2.125146E02
9.110532E01, 2.155928E02
9.097508E01, 2.186911E02
9.084395E01, 2.218094E02
9.071191E01, 2.249476E02
9.057897E01, 2.281058E02
9.044514E01, 2.312838E02
9.031041E01, 2.344816E02
9.017479E01, 2.376991E02
9.003827E01, 2.409364E02
8.990086E01, 2.441932E02
8.976256E01, 2.474696E02
8.962337E01, 2.507655E02
8.948329E01, 2.540808E02
8.934232E01, 2.574155E02
8.920047E01, 2.607695E02
8.905774E01, 2.641428E02
8.891412E01, 2.675352E02
8.876962E01, 2.709468E02
8.862425E01, 2.743774E02
8.847799E01, 2.778271E02
8.833086E01, 2.812957E02
8.818285E01, 2.847832E02
8.803397E01, 2.882895E02
8.788421E01, 2.918145E02
8.773359E01, 2.953583E02
8.758210E01, 2.989207E02
8.742973E01, 3.025016E02
8.727650E01, 3.061010E02
8.712241E01, 3.097189E02
8.696745E01, 3.133551E02
8.681164E01, 3.170096E02
8.665496E01, 3.206824E02
8.649742E01, 3.243734E02
8.633903E01, 3.280824E02
8.617978E01, 3.318095E02
8.601967E01, 3.355546E02
8.585872E01, 3.393176E02
8.569691E01, 3.430984E02
8.553425E01, 3.468970E02
8.537075E01, 3.507133E02
8.520640E01, 3.545472E02
8.504120E01, 3.583987E02
8.487517E01, 2.267709E00
8.470829E01, 6.154156E00
8.454057E01, 1.005797E01
8.437202E01, 1.397908E01
8.420263E01, 1.791742E01
8.403240E01, 2.187293E01
8.386134E01, 2.584552E01
8.368945E01, 2.983514E01
8.351673E01, 3.384171E01
8.334319E01, 3.786517E01
8.316882E01, 4.190544E01
8.299362E01, 4.596245E01
8.281760E01, 5.003613E01
8.264076E01, 5.412642E01
8.246310E01, 5.823324E01
8.228463E01, 6.235652E01
8.210534E01, 6.649619E01
8.192523E01, 7.065218E01
8.174432E01, 7.482441E01
8.156259E01, 7.901283E01
8.138006E01, 8.321734E01
8.119672E01, 8.743790E01
8.101257E01, 9.167441E01
8.082762E01, 9.592681E01
8.064188E01, 1.001950E02
8.045533E01, 1.044790E02
8.026798E01, 1.087786E02
8.007984E01, 1.130938E02
7.989091E01, 1.174246E02
7.970118E01, 1.217708E02
7.951067E01, 1.261324E02
7.931936E01, 1.305093E02
7.912727E01, 1.349014E02
7.893440E01, 1.393087E02
7.874074E01, 1.437311E02
7.854631E01, 1.481685E02
7.835109E01, 1.526208E02
7.815510E01, 1.570880E02
7.795834E01, 1.615700E02
7.776080E01, 1.660667E02
7.756249E01, 1.705780E02
7.736341E01, 1.751040E02
7.716357E01, 1.796444E02
7.696296E01, 1.841992E02
7.676159E01, 1.887683E02
7.655946E01, 1.933518E02
7.635657E01, 1.979494E02
7.615292E01, 2.025612E02
7.594852E01, 2.071870E02
7.574337E01, 2.118267E02
7.553746E01, 2.164804E02
7.533081E01, 2.211479E02
7.512341E01, 2.258291E02
7.491527E01, 2.305240E02
7.470638E01, 2.352325E02
7.449676E01, 2.399545E02
7.428639E01, 2.446899E02
7.407529E01, 2.494387E02
7.386346E01, 2.542009E02
7.365089E01, 2.589762E02
7.343759E01, 2.637646E02
7.322357E01, 2.685662E02
7.300882E01, 2.733807E02
7.279335E01, 2.782081E02
7.257715E01, 2.830484E02
7.236024E01, 2.879014E02
7.214261E01, 2.927671E02
7.192426E01, 2.976454E02
7.170520E01, 3.025363E02
7.148543E01, 3.074396E02
7.126496E01, 3.123553E02
7.104377E01, 3.172833E02
7.082189E01, 3.222235E02
7.059930E01, 3.271759E02
7.037601E01, 3.321403E02
7.015202E01, 3.371168E02
6.992734E01, 3.421052E02
6.970197E01, 3.471054E02
6.947590E01, 3.521174E02
6.924915E01, 3.571411E02
6.902171E01, 2.176397E00
6.879358E01, 7.223261E00
6.856478E01, 1.228159E01
6.833529E01, 1.735132E01
6.810513E01, 2.243237E01
6.787430E01, 2.752465E01
6.764279E01, 3.262810E01
6.741061E01, 3.774264E01
6.717776E01, 4.286820E01
6.694425E01, 4.800469E01
6.671007E01, 5.315205E01
6.647523E01, 5.831019E01
6.623974E01, 6.347905E01
6.600358E01, 6.865854E01
6.576678E01, 7.384859E01
6.552932E01, 7.904913E01
6.529121E01, 8.426008E01
6.505245E01, 8.948136E01
6.481306E01, 9.471291E01
6.457301E01, 9.995464E01
6.433233E01, 1.052065E02
6.409101E01, 1.104683E02
6.384906E01, 1.157402E02
6.360647E01, 1.210219E02
6.336326E01, 1.263134E02
6.311941E01, 1.316147E02
6.287494E01, 1.369256E02
6.262985E01, 1.422461E02
6.238413E01, 1.475761E02
6.213780E01, 1.529156E02
6.189085E01, 1.582644E02
6.164329E01, 1.636225E02
6.139512E01, 1.689899E02
6.114634E01, 1.743664E02
6.089695E01, 1.797519E02
6.064696E01, 1.851464E02
6.039637E01, 1.905499E02
6.014518E01, 1.959622E02
5.989340E01, 2.013833E02
5.964102E01, 2.068131E02
5.938805E01, 2.122515E02
5.913449E01, 2.176985E02
5.888035E01, 2.231539E02
5.862562E01, 2.286178E02
5.837031E01, 2.340900E02
5.811442E01, 2.395705E02
5.785796E01, 2.450592E02
5.760092E01, 2.505559E02
5.734332E01, 2.560608E02
5.708514E01, 2.615736E02
5.682640E01, 2.670944E02
5.656710E01, 2.726229E02
5.630723E01, 2.781593E02
5.604681E01, 2.837033E02
5.578583E01, 2.892550E02
5.552430E01, 2.948142E02
5.526222E01, 3.003809E02
5.499959E01, 3.059550E02
5.473642E01, 3.115364E02
5.447270E01, 3.171252E02
5.420845E01, 3.227211E02
5.394365E01, 3.283242E02
5.367833E01, 3.339343E02
5.341247E01, 3.395514E02
5.314608E01, 3.451755E02
5.287916E01, 3.508064E02
5.261173E01, 3.564441E02
5.234377E01, 2.088520E00
5.207529E01, 7.739602E00
5.180629E01, 1.339727E01
5.153678E01, 1.906146E01
5.126676E01, 2.473210E01
5.099624E01, 3.040912E01
5.072520E01, 3.609246E01
5.045367E01, 4.178206E01
5.018163E01, 4.747783E01
4.990910E01, 5.317973E01
4.963607E01, 5.888768E01
4.936255E01, 6.460161E01
4.908855E01, 7.032147E01
4.881405E01, 7.604718E01
4.853907E01, 8.177868E01
4.826362E01, 8.751591E01
4.798768E01, 9.325880E01
4.771127E01, 9.900729E01
4.743438E01, 1.047613E02
4.715702E01, 1.105208E02
4.687920E01, 1.162857E02
4.660091E01, 1.220559E02
4.632216E01, 1.278315E02
4.604296E01, 1.336122E02
4.576329E01, 1.393981E02
4.548317E01, 1.451891E02
4.520260E01, 1.509851E02
4.492159E01, 1.567861E02
4.464013E01, 1.625920E02
4.435822E01, 1.684027E02
4.407588E01, 1.742183E02
4.379310E01, 1.800385E02
4.350988E01, 1.858634E02
4.322624E01, 1.916930E02
4.294216E01, 1.975270E02
4.265766E01, 2.033656E02
4.237274E01, 2.092086E02
4.208740E01, 2.150559E02
4.180164E01, 2.209076E02
4.151547E01, 2.267635E02
4.122888E01, 2.326237E02
4.094189E01, 2.384879E02
4.065449E01, 2.443563E02
4.036669E01, 2.502286E02
4.007849E01, 2.561050E02
3.978989E01, 2.619852E02
3.950090E01, 2.678693E02
3.921151E01, 2.737572E02
3.892174E01, 2.796489E02
3.863158E01, 2.855442E02
3.834104E01, 2.914432E02
3.805012E01, 2.973457E02
3.775882E01, 3.032518E02
3.746715E01, 3.091614E02
3.717510E01, 3.150743E02
3.688269E01, 3.209907E02
3.658991E01, 3.269104E02
3.629677E01, 3.328333E02
3.600327E01, 3.387594E02
3.570941E01, 3.446887E02
3.541520E01, 3.506211E02
3.512064E01, 3.565566E02
3.482573E01, 2.495095E00
3.453048E01, 8.436533E00
3.423488E01, 1.438088E01
3.393894E01, 2.032809E01
3.364267E01, 2.627811E01
3.334606E01, 3.223089E01
3.304913E01, 3.818638E01
3.275186E01, 4.414454E01
3.245428E01, 5.010532E01
3.215637E01, 5.606868E01
3.185814E01, 6.203456E01
3.155959E01, 6.800291E01
3.126074E01, 7.397370E01
3.096157E01, 7.994688E01
3.066210E01, 8.592240E01
3.036232E01, 9.190022E01
3.006224E01, 9.788029E01
2.976186E01, 1.038626E02
2.946119E01, 1.098470E02
2.916023E01, 1.158336E02
2.885898E01, 1.218222E02
2.855744E01, 1.278129E02
2.825562E01, 1.338056E02
2.795352E01, 1.398002E02
2.765114E01, 1.457968E02
2.734849E01, 1.517952E02
2.704557E01, 1.577954E02
2.674237E01, 1.637975E02
2.643892E01, 1.698013E02
2.613520E01, 1.758068E02
2.583122E01, 1.818140E02
2.552699E01, 1.878228E02
2.522251E01, 1.938332E02
2.491777E01, 1.998452E02
2.461279E01, 2.058587E02
2.430756E01, 2.118736E02
2.400209E01, 2.178901E02
2.369639E01, 2.239079E02
2.339045E01, 2.299271E02
2.308428E01, 2.359477E02
2.277788E01, 2.419696E02
2.247125E01, 2.479927E02
2.216440E01, 2.540171E02
2.185733E01, 2.600427E02
2.155005E01, 2.660695E02
2.124255E01, 2.720974E02
2.093484E01, 2.781264E02
2.062692E01, 2.841565E02
2.031880E01, 2.901876E02
2.001048E01, 2.962198E02
1.970196E01, 3.022529E02
1.939324E01, 3.082870E02
1.908433E01, 3.143221E02
1.877524E01, 3.203580E02
1.846595E01, 3.263948E02
1.815649E01, 3.324325E02
1.784684E01, 3.384709E02
1.753702E01, 3.445101E02
1.722702E01, 3.505502E02
1.691685E01, 3.565909E02
1.660652E01, 2.632330E00
1.629602E01, 8.674456E00
1.598536E01, 1.471724E01
1.567454E01, 2.076065E01
1.536356E01, 2.680468E01
1.505244E01, 3.284929E01
1.474116E01, 3.889446E01
1.442974E01, 4.494017E01
1.411817E01, 5.098640E01
1.380647E01, 5.703312E01
1.349462E01, 6.308032E01
1.318265E01, 6.912797E01
1.287054E01, 7.517606E01
1.255831E01, 8.122456E01
1.224595E01, 8.727345E01
1.193347E01, 9.332271E01
1.162087E01, 9.937234E01
1.130816E01, 1.054223E02
1.099533E01, 1.114726E02
1.068240E01, 1.175232E02
1.036936E01, 1.235740E02
1.005622E01, 1.296252E02
9.742974E00, 1.356766E02
9.429635E00, 1.417282E02
9.116202E00, 1.477801E02
8.802680E00, 1.538321E02
8.489070E00, 1.598844E02
8.175375E00, 1.659368E02
7.861600E00, 1.719895E02
7.547747E00, 1.780422E02
7.233820E00, 1.840951E02
6.919820E00, 1.901482E02
6.605752E00, 1.962014E02
6.291619E00, 2.022547E02
5.977423E00, 2.083081E02
5.663168E00, 2.143615E02
5.348857E00, 2.204151E02
5.034492E00, 2.264688E02
4.720078E00, 2.325225E02
4.405617E00, 2.385762E02
4.091113E00, 2.446301E02
3.776568E00, 2.506839E02
3.461985E00, 2.567378E02
3.147369E00, 2.627918E02
2.832721E00, 2.688457E02
2.518045E00, 2.748997E02
2.203344E00, 2.809537E02
1.888621E00, 2.870077E02
1.573879E00, 2.930618E02
1.259122E00, 2.991158E02
9.443525E-01, 3.051698E02
6.295735E-01, 3.112239E02
3.147883E-01, 3.172779E02
0.000000E00, 3.233320E02
##END=
