##TITLE= Coca-1200-40
##JCAMP-DX= 5.00 Bruker JCAMP library
##DATA TYPE= Shape Data
##ORIGIN= Bruker BioSpin GmbH
##OWNER= <ceisam>
##DATE= 2017/03/09
##TIME= 14:55:18
##$SHAPE_PARAMETERS= Type: CaSmoothedChirp ; Total Sweep-Width [Hz] 40000.0 ; Length of Pulse [usec] 1200.0 ; % to be smoothed 50.0 ; 1=High to low field, -1=Low to high field -1.0 ; smoothing 0.0
##MINX= 0.000000E00
##MAXX= 1.000000E02
##MINY= 4.319993E-03
##MAXY= 3.596159E02
##$SHAPE_EXMODE= Adiabatic
##$SHAPE_TOTROT= 1.800000E02
##$SHAPE_TYPE= Inversion
##$SHAPE_USER_DEF= 
##$SHAPE_REPHFAC= 
##$SHAPE_BWFAC= 4.425000E01
##$SHAPE_BWFAC50= 
##$SHAPE_INTEGFAC= 5.720596E-02
##$SHAPE_MODE= 0
##NPOINTS= 1000
##XYPOINTS= (XY..XY)
0.000000E00, 1.490200E02
3.147883E-01, 1.403887E02
6.295735E-01, 1.317573E02
9.443525E-01, 1.231260E02
1.259122E00, 1.144946E02
1.573879E00, 1.058633E02
1.888621E00, 9.723192E01
2.203344E00, 8.860059E01
2.518045E00, 7.996928E01
2.832721E00, 7.133800E01
3.147369E00, 6.270674E01
3.461985E00, 5.407552E01
3.776568E00, 4.544435E01
4.091113E00, 3.681322E01
4.405617E00, 2.818215E01
4.720078E00, 1.955115E01
5.034492E00, 1.092023E01
5.348857E00, 2.289403E00
5.663168E00, 3.536587E02
5.977423E00, 3.450281E02
6.291619E00, 3.363976E02
6.605752E00, 3.277672E02
6.919820E00, 3.191370E02
7.233820E00, 3.105070E02
7.547747E00, 3.018771E02
7.861600E00, 2.932475E02
8.175375E00, 2.846181E02
8.489070E00, 2.759889E02
8.802680E00, 2.673599E02
9.116202E00, 2.587312E02
9.429635E00, 2.501029E02
9.742974E00, 2.414748E02
1.005622E01, 2.328470E02
1.036936E01, 2.242197E02
1.068240E01, 2.155926E02
1.099533E01, 2.069660E02
1.130816E01, 1.983398E02
1.162087E01, 1.897141E02
1.193347E01, 1.810888E02
1.224595E01, 1.724640E02
1.255831E01, 1.638397E02
1.287054E01, 1.552160E02
1.318265E01, 1.465929E02
1.349462E01, 1.379704E02
1.380647E01, 1.293484E02
1.411817E01, 1.207272E02
1.442974E01, 1.121067E02
1.474116E01, 1.034868E02
1.505244E01, 9.486777E01
1.536356E01, 8.624949E01
1.567454E01, 7.763202E01
1.598536E01, 6.901541E01
1.629602E01, 6.039969E01
1.660652E01, 5.178489E01
1.691685E01, 4.317104E01
1.722702E01, 3.455819E01
1.753702E01, 2.594637E01
1.784684E01, 1.733561E01
1.815649E01, 8.725961E00
1.846595E01, 1.174530E-01
1.877524E01, 3.515101E02
1.908433E01, 3.429040E02
1.939324E01, 3.342992E02
1.970196E01, 3.256956E02
2.001048E01, 3.170934E02
2.031880E01, 3.084926E02
2.062692E01, 2.998933E02
2.093484E01, 2.912954E02
2.124255E01, 2.826990E02
2.155005E01, 2.741042E02
2.185733E01, 2.655110E02
2.216440E01, 2.569194E02
2.247125E01, 2.483295E02
2.277788E01, 2.397414E02
2.308428E01, 2.311551E02
2.339045E01, 2.225707E02
2.369639E01, 2.139881E02
2.400209E01, 2.054075E02
2.430756E01, 1.968288E02
2.461279E01, 1.882522E02
2.491777E01, 1.796777E02
2.522251E01, 1.711054E02
2.552699E01, 1.625353E02
2.583122E01, 1.539674E02
2.613520E01, 1.454018E02
2.643892E01, 1.368386E02
2.674237E01, 1.282778E02
2.704557E01, 1.197195E02
2.734849E01, 1.111637E02
2.765114E01, 1.026105E02
2.795352E01, 9.405991E01
2.825562E01, 8.551205E01
2.855744E01, 7.696696E01
2.885898E01, 6.842468E01
2.916023E01, 5.988529E01
2.946119E01, 5.134883E01
2.976186E01, 4.281538E01
3.006224E01, 3.428499E01
3.036232E01, 2.575773E01
3.066210E01, 1.723365E01
3.096157E01, 8.712822E00
3.126074E01, 1.953095E-01
3.155959E01, 3.516812E02
3.185814E01, 3.431705E02
3.215637E01, 3.346633E02
3.245428E01, 3.261597E02
3.275186E01, 3.176597E02
3.304913E01, 3.091635E02
3.334606E01, 3.006710E02
3.364267E01, 2.921823E02
3.393894E01, 2.836976E02
3.423488E01, 2.752169E02
3.453048E01, 2.667402E02
3.482573E01, 2.582676E02
3.512064E01, 2.497992E02
3.541520E01, 2.413351E02
3.570941E01, 2.328753E02
3.600327E01, 2.244199E02
3.629677E01, 2.159690E02
3.658991E01, 2.075227E02
3.688269E01, 1.990809E02
3.717510E01, 1.906439E02
3.746715E01, 1.822117E02
3.775882E01, 1.737843E02
3.805012E01, 1.653618E02
3.834104E01, 1.569443E02
3.863158E01, 1.485319E02
3.892174E01, 1.401247E02
3.921151E01, 1.317227E02
3.950090E01, 1.233260E02
3.978989E01, 1.149347E02
4.007849E01, 1.065489E02
4.036669E01, 9.816858E01
4.065449E01, 8.979392E01
4.094189E01, 8.142497E01
4.122888E01, 7.306181E01
4.151547E01, 6.470452E01
4.180164E01, 5.635319E01
4.208740E01, 4.800789E01
4.237274E01, 3.966871E01
4.265766E01, 3.133573E01
4.294216E01, 2.300903E01
4.322624E01, 1.468870E01
4.350988E01, 6.374826E00
4.379310E01, 3.580675E02
4.407588E01, 3.497668E02
4.435822E01, 3.414728E02
4.464013E01, 3.331856E02
4.492159E01, 3.249052E02
4.520260E01, 3.166319E02
4.548317E01, 3.083656E02
4.576329E01, 3.001064E02
4.604296E01, 2.918545E02
4.632216E01, 2.836099E02
4.660091E01, 2.753727E02
4.687920E01, 2.671429E02
4.715702E01, 2.589208E02
4.743438E01, 2.507064E02
4.771127E01, 2.424997E02
4.798768E01, 2.343009E02
4.826362E01, 2.261101E02
4.853907E01, 2.179272E02
4.881405E01, 2.097526E02
4.908855E01, 2.015861E02
4.936255E01, 1.934280E02
4.963607E01, 1.852782E02
4.990910E01, 1.771370E02
5.018163E01, 1.690044E02
5.045367E01, 1.608805E02
5.072520E01, 1.527653E02
5.099624E01, 1.446591E02
5.126676E01, 1.365618E02
5.153678E01, 1.284736E02
5.180629E01, 1.203946E02
5.207529E01, 1.123248E02
5.234377E01, 1.042644E02
5.261173E01, 9.621341E01
5.287916E01, 8.817202E01
5.314608E01, 8.014027E01
5.341247E01, 7.211827E01
5.367833E01, 6.410612E01
5.394365E01, 5.610392E01
5.420845E01, 4.811176E01
5.447270E01, 4.012974E01
5.473642E01, 3.215797E01
5.499959E01, 2.419654E01
5.526222E01, 1.624554E01
5.552430E01, 8.305093E00
5.578583E01, 3.752832E-01
5.604681E01, 3.524562E02
5.630723E01, 3.445480E02
5.656710E01, 3.366507E02
5.682640E01, 3.287645E02
5.708514E01, 3.208894E02
5.734332E01, 3.130255E02
5.760092E01, 3.051730E02
5.785796E01, 2.973320E02
5.811442E01, 2.895025E02
5.837031E01, 2.816846E02
5.862562E01, 2.738786E02
5.888035E01, 2.660843E02
5.913449E01, 2.583021E02
5.938805E01, 2.505319E02
5.964102E01, 2.427739E02
5.989340E01, 2.350282E02
6.014518E01, 2.272948E02
6.039637E01, 2.195739E02
6.064696E01, 2.118656E02
6.089695E01, 2.041701E02
6.114634E01, 1.964873E02
6.139512E01, 1.888174E02
6.164329E01, 1.811605E02
6.189085E01, 1.735167E02
6.213780E01, 1.658862E02
6.238413E01, 1.582690E02
6.262985E01, 1.506652E02
6.287494E01, 1.430749E02
6.311941E01, 1.354983E02
6.336326E01, 1.279354E02
6.360647E01, 1.203864E02
6.384906E01, 1.128514E02
6.409101E01, 1.053304E02
6.433233E01, 9.782357E01
6.457301E01, 9.033104E01
6.481306E01, 8.285290E01
6.505245E01, 7.538926E01
6.529121E01, 6.794022E01
6.552932E01, 6.050590E01
6.576678E01, 5.308639E01
6.600358E01, 4.568180E01
6.623974E01, 3.829225E01
6.647523E01, 3.091784E01
6.671007E01, 2.355868E01
6.694425E01, 1.621487E01
6.717776E01, 8.886530E00
6.741061E01, 1.573762E00
6.764279E01, 3.542767E02
6.787430E01, 3.469954E02
6.810513E01, 3.397300E02
6.833529E01, 3.324806E02
6.856478E01, 3.252473E02
6.879358E01, 3.180302E02
6.902171E01, 3.108295E02
6.924915E01, 3.036452E02
6.947590E01, 2.964775E02
6.970197E01, 2.893264E02
6.992734E01, 2.821920E02
7.015202E01, 2.750746E02
7.037601E01, 2.679741E02
7.059930E01, 2.608907E02
7.082189E01, 2.538246E02
7.104377E01, 2.467757E02
7.126496E01, 2.397442E02
7.148543E01, 2.327303E02
7.170520E01, 2.257340E02
7.192426E01, 2.187554E02
7.214261E01, 2.117947E02
7.236024E01, 2.048519E02
7.257715E01, 1.979273E02
7.279335E01, 1.910208E02
7.300882E01, 1.841325E02
7.322357E01, 1.772627E02
7.343759E01, 1.704114E02
7.365089E01, 1.635786E02
7.386346E01, 1.567646E02
7.407529E01, 1.499694E02
7.428639E01, 1.431932E02
7.449676E01, 1.364360E02
7.470638E01, 1.296979E02
7.491527E01, 1.229791E02
7.512341E01, 1.162797E02
7.533081E01, 1.095997E02
7.553746E01, 1.029394E02
7.574337E01, 9.629866E01
7.594852E01, 8.967777E01
7.615292E01, 8.307677E01
7.635657E01, 7.649579E01
7.655946E01, 6.993492E01
7.676159E01, 6.339428E01
7.696296E01, 5.687398E01
7.716357E01, 5.037411E01
7.736341E01, 4.389478E01
7.756249E01, 3.743611E01
7.776080E01, 3.099819E01
7.795834E01, 2.458114E01
7.815510E01, 1.818507E01
7.835109E01, 1.181006E01
7.854631E01, 5.456243E00
7.874074E01, 3.591237E02
7.893440E01, 3.528126E02
7.912727E01, 3.465229E02
7.931936E01, 3.402549E02
7.951067E01, 3.340086E02
7.970118E01, 3.277841E02
7.989091E01, 3.215815E02
8.007984E01, 3.154009E02
8.026798E01, 3.092425E02
8.045533E01, 3.031063E02
8.064188E01, 2.969924E02
8.082762E01, 2.909010E02
8.101257E01, 2.848321E02
8.119672E01, 2.787858E02
8.138006E01, 2.727623E02
8.156259E01, 2.667617E02
8.174432E01, 2.607840E02
8.192523E01, 2.548294E02
8.210534E01, 2.488979E02
8.228463E01, 2.429897E02
8.246310E01, 2.371049E02
8.264076E01, 2.312435E02
8.281760E01, 2.254057E02
8.299362E01, 2.195916E02
8.316882E01, 2.138012E02
8.334319E01, 2.080347E02
8.351673E01, 2.022921E02
8.368945E01, 1.965737E02
8.386134E01, 1.908794E02
8.403240E01, 1.852094E02
8.420263E01, 1.795637E02
8.437202E01, 1.739425E02
8.454057E01, 1.683459E02
8.470829E01, 1.627739E02
8.487517E01, 1.572267E02
8.504120E01, 1.517044E02
8.520640E01, 1.462070E02
8.537075E01, 1.407346E02
8.553425E01, 1.352875E02
8.569691E01, 1.298655E02
8.585872E01, 1.244689E02
8.601967E01, 1.190978E02
8.617978E01, 1.137521E02
8.633903E01, 1.084322E02
8.649742E01, 1.031379E02
8.665496E01, 9.786945E01
8.681164E01, 9.262692E01
8.696745E01, 8.741039E01
8.712241E01, 8.221997E01
8.727650E01, 7.705574E01
8.742973E01, 7.191780E01
8.758210E01, 6.680624E01
8.773359E01, 6.172115E01
8.788421E01, 5.666262E01
8.803397E01, 5.163075E01
8.818285E01, 4.662563E01
8.833086E01, 4.164734E01
8.847799E01, 3.669598E01
8.862425E01, 3.177163E01
8.876962E01, 2.687440E01
8.891412E01, 2.200435E01
8.905774E01, 1.716160E01
8.920047E01, 1.234621E01
8.934232E01, 7.558286E00
8.948329E01, 2.797909E00
8.962337E01, 3.580652E02
8.976256E01, 3.533601E02
8.990086E01, 3.486829E02
9.003827E01, 3.440336E02
9.017479E01, 3.394123E02
9.031041E01, 3.348190E02
9.044514E01, 3.302539E02
9.057897E01, 3.257170E02
9.071191E01, 3.212084E02
9.084395E01, 3.167283E02
9.097508E01, 3.122766E02
9.110532E01, 3.078534E02
9.123465E01, 3.034590E02
9.136308E01, 2.990932E02
9.149060E01, 2.947563E02
9.161722E01, 2.904483E02
9.174293E01, 2.861692E02
9.186773E01, 2.819192E02
9.199162E01, 2.776983E02
9.211459E01, 2.735066E02
9.223666E01, 2.693442E02
9.235781E01, 2.652112E02
9.247804E01, 2.611076E02
9.259736E01, 2.570335E02
9.271576E01, 2.529891E02
9.283325E01, 2.489743E02
9.294981E01, 2.449892E02
9.306545E01, 2.410340E02
9.318017E01, 2.371087E02
9.329397E01, 2.332133E02
9.340684E01, 2.293480E02
9.351879E01, 2.255128E02
9.362981E01, 2.217078E02
9.373990E01, 2.179331E02
9.384906E01, 2.141887E02
9.395729E01, 2.104747E02
9.406460E01, 2.067911E02
9.417097E01, 2.031381E02
9.427640E01, 1.995158E02
9.438090E01, 1.959241E02
9.448447E01, 1.923631E02
9.458710E01, 1.888330E02
9.468880E01, 1.853338E02
9.478955E01, 1.818655E02
9.488937E01, 1.784282E02
9.498824E01, 1.750221E02
9.508618E01, 1.716470E02
9.518317E01, 1.683032E02
9.527922E01, 1.649907E02
9.537432E01, 1.617095E02
9.546848E01, 1.584597E02
9.556170E01, 1.552413E02
9.565396E01, 1.520545E02
9.574528E01, 1.488993E02
9.583565E01, 1.457758E02
9.592507E01, 1.426839E02
9.601354E01, 1.396238E02
9.610106E01, 1.365956E02
9.618763E01, 1.335992E02
9.627324E01, 1.306348E02
9.635790E01, 1.277024E02
9.644161E01, 1.248020E02
9.652436E01, 1.219337E02
9.660615E01, 1.190977E02
9.668698E01, 1.162938E02
9.676686E01, 1.135222E02
9.684578E01, 1.107830E02
9.692374E01, 1.080761E02
9.700073E01, 1.054017E02
9.707677E01, 1.027597E02
9.715185E01, 1.001503E02
9.722596E01, 9.757354E01
9.729911E01, 9.502938E01
9.737129E01, 9.251790E01
9.744251E01, 9.003917E01
9.751277E01, 8.759322E01
9.758205E01, 8.518011E01
9.765037E01, 8.279988E01
9.771773E01, 8.045258E01
9.778411E01, 7.813825E01
9.784953E01, 7.585694E01
9.791397E01, 7.360870E01
9.797745E01, 7.139356E01
9.803996E01, 6.921158E01
9.810149E01, 6.706279E01
9.816205E01, 6.494723E01
9.822164E01, 6.286496E01
9.828026E01, 6.081600E01
9.833790E01, 5.880039E01
9.839456E01, 5.681819E01
9.845026E01, 5.486942E01
9.850497E01, 5.295413E01
9.855871E01, 5.107234E01
9.861148E01, 4.922411E01
9.866326E01, 4.740946E01
9.871407E01, 4.562844E01
9.876390E01, 4.388107E01
9.881276E01, 4.216739E01
9.886063E01, 4.048743E01
9.890752E01, 3.884123E01
9.895344E01, 3.722882E01
9.899837E01, 3.565023E01
9.904232E01, 3.410549E01
9.908529E01, 3.259464E01
9.912728E01, 3.111769E01
9.916829E01, 2.967469E01
9.920831E01, 2.826566E01
9.924735E01, 2.689063E01
9.928541E01, 2.554962E01
9.932248E01, 2.424266E01
9.935857E01, 2.296978E01
9.939368E01, 2.173101E01
9.942779E01, 2.052636E01
9.946093E01, 1.935586E01
9.949308E01, 1.821953E01
9.952424E01, 1.711740E01
9.955442E01, 1.604949E01
9.958361E01, 1.501582E01
9.961181E01, 1.401641E01
9.963903E01, 1.305128E01
9.966526E01, 1.212044E01
9.969050E01, 1.122393E01
9.971475E01, 1.036174E01
9.973802E01, 9.533915E00
9.976029E01, 8.740454E00
9.978158E01, 7.981378E00
9.980188E01, 7.256702E00
9.982119E01, 6.566439E00
9.983951E01, 5.910604E00
9.985685E01, 5.289210E00
9.987319E01, 4.702269E00
9.988854E01, 4.149793E00
9.990291E01, 3.631792E00
9.991628E01, 3.148278E00
9.992866E01, 2.699260E00
9.994006E01, 2.284747E00
9.995046E01, 1.904747E00
9.995987E01, 1.559268E00
9.996829E01, 1.248317E00
9.997572E01, 9.719000E-01
9.998216E01, 7.300227E-01
9.998761E01, 5.226900E-01
9.999207E01, 3.499061E-01
9.999554E01, 2.116747E-01
9.999802E01, 1.079985E-01
9.999950E01, 3.887976E-02
1.000000E02, 4.319993E-03
1.000000E02, 4.319999E-03
9.999950E01, 3.887994E-02
9.999802E01, 1.079993E-01
9.999554E01, 2.116770E-01
9.999207E01, 3.499111E-01
9.998761E01, 5.226992E-01
9.998216E01, 7.300380E-01
9.997572E01, 9.719236E-01
9.996829E01, 1.248351E00
9.995987E01, 1.559316E00
9.995046E01, 1.904812E00
9.994006E01, 2.284833E00
9.992866E01, 2.699370E00
9.991628E01, 3.148417E00
9.990291E01, 3.631964E00
9.988854E01, 4.150002E00
9.987319E01, 4.702522E00
9.985685E01, 5.289512E00
9.983951E01, 5.910961E00
9.982119E01, 6.566857E00
9.980188E01, 7.257188E00
9.978158E01, 7.981939E00
9.976029E01, 8.741097E00
9.973802E01, 9.534648E00
9.971475E01, 1.036257E01
9.969050E01, 1.122486E01
9.966526E01, 1.212149E01
9.963903E01, 1.305245E01
9.961181E01, 1.401772E01
9.958361E01, 1.501727E01
9.955442E01, 1.605109E01
9.952424E01, 1.711917E01
9.949308E01, 1.822147E01
9.946093E01, 1.935798E01
9.942779E01, 2.052868E01
9.939368E01, 2.173354E01
9.935857E01, 2.297253E01
9.932248E01, 2.424564E01
9.928541E01, 2.555284E01
9.924735E01, 2.689411E01
9.920831E01, 2.826941E01
9.916829E01, 2.967873E01
9.912728E01, 3.112203E01
9.908529E01, 3.259928E01
9.904232E01, 3.411047E01
9.899837E01, 3.565555E01
9.895344E01, 3.723449E01
9.890752E01, 3.884728E01
9.886063E01, 4.049387E01
9.881276E01, 4.217423E01
9.876390E01, 4.388833E01
9.871407E01, 4.563614E01
9.866326E01, 4.741763E01
9.861148E01, 4.923275E01
9.855871E01, 5.108147E01
9.850497E01, 5.296376E01
9.845026E01, 5.487959E01
9.839456E01, 5.682890E01
9.833790E01, 5.881167E01
9.828026E01, 6.082786E01
9.822164E01, 6.287743E01
9.816205E01, 6.496033E01
9.810149E01, 6.707653E01
9.803996E01, 6.922599E01
9.797745E01, 7.140867E01
9.791397E01, 7.362451E01
9.784953E01, 7.587349E01
9.778411E01, 7.815555E01
9.771773E01, 8.047065E01
9.765037E01, 8.281875E01
9.758205E01, 8.519980E01
9.751277E01, 8.761376E01
9.744251E01, 9.006057E01
9.737129E01, 9.254020E01
9.729911E01, 9.505259E01
9.722596E01, 9.759770E01
9.715185E01, 1.001755E02
9.707677E01, 1.027859E02
9.700073E01, 1.054288E02
9.692374E01, 1.081043E02
9.684578E01, 1.108122E02
9.676686E01, 1.135526E02
9.668698E01, 1.163253E02
9.660615E01, 1.191303E02
9.652436E01, 1.219675E02
9.644161E01, 1.248370E02
9.635790E01, 1.277386E02
9.627324E01, 1.306723E02
9.618763E01, 1.336380E02
9.610106E01, 1.366356E02
9.601354E01, 1.396652E02
9.592507E01, 1.427267E02
9.583565E01, 1.458200E02
9.574528E01, 1.489450E02
9.565396E01, 1.521016E02
9.556170E01, 1.552899E02
9.546848E01, 1.585098E02
9.537432E01, 1.617611E02
9.527922E01, 1.650439E02
9.518317E01, 1.683581E02
9.508618E01, 1.717035E02
9.498824E01, 1.750802E02
9.488937E01, 1.784881E02
9.478955E01, 1.819271E02
9.468880E01, 1.853972E02
9.458710E01, 1.888983E02
9.448447E01, 1.924302E02
9.438090E01, 1.959930E02
9.427640E01, 1.995866E02
9.417097E01, 2.032110E02
9.406460E01, 2.068659E02
9.395729E01, 2.105515E02
9.384906E01, 2.142675E02
9.373990E01, 2.180140E02
9.362981E01, 2.217909E02
9.351879E01, 2.255981E02
9.340684E01, 2.294355E02
9.329397E01, 2.333030E02
9.318017E01, 2.372006E02
9.306545E01, 2.411282E02
9.294981E01, 2.450858E02
9.283325E01, 2.490732E02
9.271576E01, 2.530904E02
9.259736E01, 2.571374E02
9.247804E01, 2.612139E02
9.235781E01, 2.653200E02
9.223666E01, 2.694556E02
9.211459E01, 2.736206E02
9.199162E01, 2.778149E02
9.186773E01, 2.820385E02
9.174293E01, 2.862913E02
9.161722E01, 2.905731E02
9.149060E01, 2.948839E02
9.136308E01, 2.992237E02
9.123465E01, 3.035923E02
9.110532E01, 3.079897E02
9.097508E01, 3.124158E02
9.084395E01, 3.168705E02
9.071191E01, 3.213537E02
9.057897E01, 3.258654E02
9.044514E01, 3.304054E02
9.031041E01, 3.349737E02
9.017479E01, 3.395702E02
9.003827E01, 3.441948E02
8.990086E01, 3.488474E02
8.976256E01, 3.535280E02
8.962337E01, 3.582364E02
8.948329E01, 2.972558E00
8.934232E01, 7.736408E00
8.920047E01, 1.252785E01
8.905774E01, 1.734680E01
8.891412E01, 2.219316E01
8.876962E01, 2.706685E01
8.862425E01, 3.196778E01
8.847799E01, 3.689586E01
8.833086E01, 4.185101E01
8.818285E01, 4.683312E01
8.803397E01, 5.184212E01
8.788421E01, 5.687791E01
8.773359E01, 6.194040E01
8.758210E01, 6.702950E01
8.742973E01, 7.214512E01
8.727650E01, 7.728716E01
8.712241E01, 8.245554E01
8.696745E01, 8.765015E01
8.681164E01, 9.287092E01
8.665496E01, 9.811774E01
8.649742E01, 1.033905E02
8.633903E01, 1.086892E02
8.617978E01, 1.140136E02
8.601967E01, 1.193637E02
8.585872E01, 1.247394E02
8.569691E01, 1.301405E02
8.553425E01, 1.355671E02
8.537075E01, 1.410189E02
8.520640E01, 1.464960E02
8.504120E01, 1.519981E02
8.487517E01, 1.575253E02
8.470829E01, 1.630774E02
8.454057E01, 1.686542E02
8.437202E01, 1.742558E02
8.420263E01, 1.798820E02
8.403240E01, 1.855328E02
8.386134E01, 1.912079E02
8.368945E01, 1.969073E02
8.351673E01, 2.026310E02
8.334319E01, 2.083788E02
8.316882E01, 2.141506E02
8.299362E01, 2.199464E02
8.281760E01, 2.257659E02
8.264076E01, 2.316092E02
8.246310E01, 2.374761E02
8.228463E01, 2.433665E02
8.210534E01, 2.492803E02
8.192523E01, 2.552174E02
8.174432E01, 2.611777E02
8.156259E01, 2.671612E02
8.138006E01, 2.731676E02
8.119672E01, 2.791970E02
8.101257E01, 2.852492E02
8.082762E01, 2.913240E02
8.064188E01, 2.974215E02
8.045533E01, 3.035414E02
8.026798E01, 3.096837E02
8.007984E01, 3.158484E02
7.989091E01, 3.220352E02
7.970118E01, 3.282440E02
7.951067E01, 3.344749E02
7.931936E01, 3.407276E02
7.912727E01, 3.470021E02
7.893440E01, 3.532982E02
7.874074E01, 3.596159E02
7.854631E01, 5.954989E00
7.835109E01, 1.231546E01
7.815510E01, 1.869716E01
7.795834E01, 2.510000E01
7.776080E01, 3.152385E01
7.756249E01, 3.796863E01
7.736341E01, 4.443422E01
7.716357E01, 5.092051E01
7.696296E01, 5.742740E01
7.676159E01, 6.395478E01
7.655946E01, 7.050255E01
7.635657E01, 7.707060E01
7.615292E01, 8.365881E01
7.594852E01, 9.026709E01
7.574337E01, 9.689533E01
7.553746E01, 1.035434E02
7.533081E01, 1.102112E02
7.512341E01, 1.168987E02
7.491527E01, 1.236057E02
7.470638E01, 1.303321E02
7.449676E01, 1.370778E02
7.428639E01, 1.438428E02
7.407529E01, 1.506268E02
7.386346E01, 1.574298E02
7.365089E01, 1.642517E02
7.343759E01, 1.710923E02
7.322357E01, 1.779517E02
7.300882E01, 1.848295E02
7.279335E01, 1.917259E02
7.257715E01, 1.986405E02
7.236024E01, 2.055734E02
7.214261E01, 2.125244E02
7.192426E01, 2.194935E02
7.170520E01, 2.264804E02
7.148543E01, 2.334851E02
7.126496E01, 2.405075E02
7.104377E01, 2.475475E02
7.082189E01, 2.546050E02
7.059930E01, 2.616798E02
7.037601E01, 2.687719E02
7.015202E01, 2.758811E02
6.992734E01, 2.830074E02
6.970197E01, 2.901505E02
6.947590E01, 2.973105E02
6.924915E01, 3.044873E02
6.902171E01, 3.116806E02
6.879358E01, 3.188904E02
6.856478E01, 3.261166E02
6.833529E01, 3.333590E02
6.810513E01, 3.406177E02
6.787430E01, 3.478924E02
6.764279E01, 3.551830E02
6.741061E01, 2.489490E00
6.717776E01, 9.811712E00
6.694425E01, 1.714956E01
6.671007E01, 2.450293E01
6.647523E01, 3.187170E01
6.623974E01, 3.925578E01
6.600358E01, 4.665506E01
6.576678E01, 5.406942E01
6.552932E01, 6.149876E01
6.529121E01, 6.894297E01
6.505245E01, 7.640195E01
6.481306E01, 8.387558E01
6.457301E01, 9.136377E01
6.433233E01, 9.886639E01
6.409101E01, 1.063833E02
6.384906E01, 1.139145E02
6.360647E01, 1.214598E02
6.336326E01, 1.290192E02
6.311941E01, 1.365924E02
6.287494E01, 1.441794E02
6.262985E01, 1.517802E02
6.238413E01, 1.593945E02
6.213780E01, 1.670223E02
6.189085E01, 1.746635E02
6.164329E01, 1.823179E02
6.139512E01, 1.899855E02
6.114634E01, 1.976662E02
6.089695E01, 2.053599E02
6.064696E01, 2.130663E02
6.039637E01, 2.207856E02
6.014518E01, 2.285174E02
5.989340E01, 2.362618E02
5.964102E01, 2.440187E02
5.938805E01, 2.517879E02
5.913449E01, 2.595692E02
5.888035E01, 2.673628E02
5.862562E01, 2.751683E02
5.837031E01, 2.829857E02
5.811442E01, 2.908150E02
5.785796E01, 2.986559E02
5.760092E01, 3.065085E02
5.734332E01, 3.143726E02
5.708514E01, 3.222480E02
5.682640E01, 3.301348E02
5.656710E01, 3.380328E02
5.630723E01, 3.459418E02
5.604681E01, 3.538619E02
5.578583E01, 1.792799E00
5.552430E01, 9.734531E00
5.526222E01, 1.768695E01
5.499959E01, 2.564997E01
5.473642E01, 3.362347E01
5.447270E01, 4.160737E01
5.420845E01, 4.960156E01
5.394365E01, 5.760594E01
5.367833E01, 6.562041E01
5.341247E01, 7.364488E01
5.314608E01, 8.167925E01
5.287916E01, 8.972341E01
5.261173E01, 9.777727E01
5.234377E01, 1.058407E02
5.207529E01, 1.139137E02
5.180629E01, 1.219961E02
5.153678E01, 1.300878E02
5.126676E01, 1.381887E02
5.099624E01, 1.462987E02
5.072520E01, 1.544178E02
5.045367E01, 1.625458E02
5.018163E01, 1.706826E02
4.990910E01, 1.788282E02
4.963607E01, 1.869824E02
4.936255E01, 1.951452E02
4.908855E01, 2.033164E02
4.881405E01, 2.114960E02
4.853907E01, 2.196838E02
4.826362E01, 2.278799E02
4.798768E01, 2.360840E02
4.771127E01, 2.442961E02
4.743438E01, 2.525162E02
4.715702E01, 2.607440E02
4.687920E01, 2.689796E02
4.660091E01, 2.772228E02
4.632216E01, 2.854735E02
4.604296E01, 2.937317E02
4.576329E01, 3.019973E02
4.548317E01, 3.102701E02
4.520260E01, 3.185501E02
4.492159E01, 3.268373E02
4.464013E01, 3.351314E02
4.435822E01, 3.434325E02
4.407588E01, 3.517404E02
4.379310E01, 5.501719E-02
4.350988E01, 8.376334E00
4.322624E01, 1.670423E01
4.294216E01, 2.503862E01
4.265766E01, 3.337943E01
4.237274E01, 4.172656E01
4.208740E01, 5.007993E01
4.180164E01, 5.843946E01
4.151547E01, 6.680507E01
4.122888E01, 7.517667E01
4.094189E01, 8.355418E01
4.065449E01, 9.193752E01
4.036669E01, 1.003266E02
4.007849E01, 1.087214E02
3.978989E01, 1.171217E02
3.950090E01, 1.255276E02
3.921151E01, 1.339389E02
3.892174E01, 1.423555E02
3.863158E01, 1.507774E02
3.834104E01, 1.592045E02
3.805012E01, 1.676368E02
3.775882E01, 1.760740E02
3.746715E01, 1.845162E02
3.717510E01, 1.929634E02
3.688269E01, 2.014153E02
3.658991E01, 2.098719E02
3.629677E01, 2.183333E02
3.600327E01, 2.267992E02
3.570941E01, 2.352696E02
3.541520E01, 2.437445E02
3.512064E01, 2.522237E02
3.482573E01, 2.607073E02
3.453048E01, 2.691950E02
3.423488E01, 2.776870E02
3.393894E01, 2.861830E02
3.364267E01, 2.946830E02
3.334606E01, 3.031870E02
3.304913E01, 3.116948E02
3.275186E01, 3.202065E02
3.245428E01, 3.287219E02
3.215637E01, 3.372410E02
3.185814E01, 3.457637E02
3.155959E01, 3.542899E02
3.126074E01, 2.819575E00
3.096157E01, 1.135269E01
3.066210E01, 1.988914E01
3.036232E01, 2.842888E01
3.006224E01, 3.697184E01
2.976186E01, 4.551796E01
2.946119E01, 5.406717E01
2.916023E01, 6.261941E01
2.885898E01, 7.117462E01
2.855744E01, 7.973274E01
2.825562E01, 8.829371E01
2.795352E01, 9.685748E01
2.765114E01, 1.054240E02
2.734849E01, 1.139931E02
2.704557E01, 1.225649E02
2.674237E01, 1.311393E02
2.643892E01, 1.397161E02
2.613520E01, 1.482954E02
2.583122E01, 1.568771E02
2.552699E01, 1.654611E02
2.522251E01, 1.740474E02
2.491777E01, 1.826359E02
2.461279E01, 1.912266E02
2.430756E01, 1.998195E02
2.400209E01, 2.084144E02
2.369639E01, 2.170113E02
2.339045E01, 2.256102E02
2.308428E01, 2.342110E02
2.277788E01, 2.428137E02
2.247125E01, 2.514181E02
2.216440E01, 2.600244E02
2.185733E01, 2.686324E02
2.155005E01, 2.772421E02
2.124255E01, 2.858534E02
2.093484E01, 2.944663E02
2.062692E01, 3.030807E02
2.031880E01, 3.116966E02
2.001048E01, 3.203140E02
1.970196E01, 3.289328E02
1.939324E01, 3.375529E02
1.908433E01, 3.461744E02
1.877524E01, 3.547972E02
1.846595E01, 3.421159E00
1.815649E01, 1.204636E01
1.784684E01, 2.067273E01
1.753702E01, 2.930021E01
1.722702E01, 3.792879E01
1.691685E01, 4.655841E01
1.660652E01, 5.518904E01
1.629602E01, 6.382065E01
1.598536E01, 7.245320E01
1.567454E01, 8.108665E01
1.536356E01, 8.972097E01
1.505244E01, 9.835613E01
1.474116E01, 1.069921E02
1.442974E01, 1.156288E02
1.411817E01, 1.242663E02
1.380647E01, 1.329045E02
1.349462E01, 1.415433E02
1.318265E01, 1.501828E02
1.287054E01, 1.588229E02
1.255831E01, 1.674637E02
1.224595E01, 1.761049E02
1.193347E01, 1.847467E02
1.162087E01, 1.933891E02
1.130816E01, 2.020318E02
1.099533E01, 2.106751E02
1.068240E01, 2.193188E02
1.036936E01, 2.279629E02
1.005622E01, 2.366074E02
9.742974E00, 2.452522E02
9.429635E00, 2.538974E02
9.116202E00, 2.625429E02
8.802680E00, 2.711887E02
8.489070E00, 2.798348E02
8.175375E00, 2.884812E02
7.861600E00, 2.971278E02
7.547747E00, 3.057746E02
7.233820E00, 3.144216E02
6.919820E00, 3.230689E02
6.605752E00, 3.317163E02
6.291619E00, 3.403638E02
5.977423E00, 3.490115E02
5.663168E00, 3.576594E02
5.348857E00, 6.307304E00
5.034492E00, 1.495537E01
4.720078E00, 2.360352E01
4.405617E00, 3.225176E01
4.091113E00, 4.090008E01
3.776568E00, 4.954845E01
3.461985E00, 5.819689E01
3.147369E00, 6.684537E01
2.832721E00, 7.549389E01
2.518045E00, 8.414244E01
2.203344E00, 9.279101E01
1.888621E00, 1.014396E02
1.573879E00, 1.100882E02
1.259122E00, 1.187368E02
9.443525E-01, 1.273855E02
6.295735E-01, 1.360341E02
3.147883E-01, 1.446828E02
0.000000E00, 1.533314E02
##END=
